000000.000000000000000000000000001
0000100000000000000000000.0000000000000000000000


777777.77777
0.00001



10.0
7.777



77777777777777777777777777777777777777777777777777777777777777777777.777777777777777777777777777777777777777777777777777777777777777777777777777777777777777777777777777777777777777777777777777777777777777777777777777777
777777777777777777777777777777777777777777777777777777777777777777777777777777777777777777777777777777777777777777777777777777777777777777777777777777.7777777777777777777777777777777777777777777777777777777777777777777777777



45245.5214326

777777777777777777777777777777777777777777777777777777777777777777777777777777777777777777777777777777777777777777777777777777777777777777777777777777.777777777777777777777777777777777777777777777777777777777777777777777777777777777777777777777777777777777777777777777777777777777777777777777777777777
777777777777777777777777777777777777777777777777777777777777777777777777777777777777777777777777777777777777777777777777777777777777777777777777777777.777777777777777777777777777777777777777777777777777777777777777777777777777777777777777777777777777777777777777777777777777777777777777777777777777777


777777777777777777777777777777777777777777777777777777777777777777777777

77777777777777777777777777777777777777777777777777777777777777777777777777777.77777777777777777777777777777777777777777777777777777777777777777777777777777777777777777777777777777777777777777777777777777777777777777777777777777
100000000000000000000000000000000000000000000000000000000000000000000000000000000000000000000000000000000000000000000000000000000000000000000000000000.0
77777777777777777777777777777777777777777777777777777777777777777777777777777777777777777777777777777777777777777777777777777777777777777777777777777.777777777777777777777777777777777777777777777777777777777777777777777777777777777777777777777777777777777777777777777777777777777777777777777777777777




77777777777777777777.77777777777777777777777777777777770000000000000000
000000000077777777777777777777.7777777777777777777777777777777777
